1 2 3 4 5 6 7 8 9 10 11 12 13 14 15 16 17 18 19 20 21 22 23 24 25 26 27 28 29 30 31 32 33 34 35 36 37 38 39 40 41 42 43 44 45 46 47 48 49 50 51 52 53 54 55 56 57 58 59 60 61 62 63 64 65 66 67 68 69 70 71 72 73 74 75 76 77 78 79 80 81 82 83 84 85 86 87 88 89 90 91 92 93 94 95 96 97 98 99 100
0 4 39 11 7 76 42 19 39 37 76 39 91 76 50 12 87 67 58 2 95 29 85 29 75 35 70 33 5 98 7 2 50 11 60 3 80 1 70 66 4 34 9 69 37 40 6 48 9 41 77 44 33 3 87 90 69 55 92 88 16 86 23 88 64 26 45 75 61 36 73 99 64 48 25 20 63 77 14 40 88 71 12 14 33 68 60 8 69 91 7 12 37 55 64 48 88 26 70 76
4 0 9 63 64 29 53 64 96 85 71 27 9 51 48 51 90 86 96 36 36 48 50 13 17 27 62 92 10 20 7 25 24 24 69 60 11 45 90 15 82 51 40 17 87 37 17 99 52 24 73 35 6 12 86 75 85 92 79 49 94 81 91 71 69 89 65 26 29 68 78 34 63 18 44 76 99 78 80 86 57 30 7 49 89 74 64 32 20 90 93 46 3 48 27 2 21 71 88 17
39 9 0 65 5 7 35 57 36 55 27 67 86 97 17 73 2 79 21 79 10 98 85 79 50 6 54 99 18 66 89 61 22 90 14 11 33 70 15 59 35 20 65 90 54 90 13 31 45 32 89 7 79 93 52 64 44 81 4 19 14 83 83 50 4 80 44 89 21 77 66 94 7 91 18 6 16 10 55 82 70 31 10 50 39 14 50 94 14 68 96 40 32 32 89 54 66 68 2 59
11 63 65 0 20 47 99 7 23 16 9 5 37 42 67 73 77 57 35 99 35 48 75 54 19 38 49 87 82 92 51 2 47 27 97 27 98 75 33 89 70 43 75 62 50 94 18 95 1 63 46 7 49 69 64 76 37 95 9 77 74 29 54 34 79 50 15 68 47 53 30 29 66 56 84 16 23 50 9 89 49 57 69 30 66 44 71 85 57 45 24 14 23 26 14 47 87 38 95 21
7 64 5 20 0 10 80 52 36 65 42 54 82 28 35 8 36 97 80 57 77 90 78 96 68 74 84 98 49 51 76 87 58 39 3 76 63 92 7 1 20 5 29 97 11 19 56 66 95 89 22 66 72 41 95 57 91 51 23 43 85 55 65 76 55 6 25 36 13 93 15 84 92 38 44 58 47 47 66 20 12 33 14 95 29 93 20 48 78 93 1 92 22 26 90 68 15 37 50 95
76 29 7 47 10 0 90 33 9 73 45 82 35 37 27 12 33 43 24 69 79 88 93 6 30 59 55 19 14 3 88 85 65 41 94 71 35 64 92 77 21 69 5 89 67 53 97 83 36 67 71 46 85 24 54 13 67 59 22 26 48 75 23 73 71 60 68 76 16 47 4 80 67 13 65 8 68 9 63 53 14 81 4 51 39 85 72 42 29 39 57 12 76 46 41 38 99 23 10 89
42 53 35 99 80 90 0 70 59 68 11 94 94 53 34 11 16 12 17 77 43 70 26 82 81 19 46 57 94 77 23 70 70 99 97 39 63 50 38 99 24 75 88 76 3 50 42 2 93 41 63 27 27 27 33 69 92 25 81 89 4 2 92 3 20 45 32 24 54 87 18 20 62 9 99 92 46 59 64 7 43 96 60 98 38 28 26 95 24 50 79 87 40 37 97 76 17 28 1 51
19 64 57 7 52 33 70 0 47 94 68 86 23 18 92 68 10 31 20 71 65 3 5 39 71 85 18 29 69 78 30 37 8 93 46 74 82 33 44 68 46 78 70 26 13 96 10 41 85 10 86 76 20 84 99 84 25 34 61 74 71 70 81 56 29 93 87 15 5 13 4 23 42 70 12 61 68 53 62 87 35 39 64 90 10 85 53 27 91 35 25 28 25 56 48 13 32 76 64 42
39 96 36 23 36 9 59 47 0 85 6 97 14 35 87 41 63 65 79 77 4 70 58 90 36 52 80 75 75 23 93 71 92 47 73 51 91 86 63 89 47 61 51 94 71 17 19 29 5 11 25 66 89 82 1 23 67 25 24 54 34 6 37 98 87 75 8 15 26 50 33 82 59 74 7 82 70 99 71 17 8 82 67 60 43 55 16 68 56 92 32 46 40 89 63 40 38 75 88 64
37 85 55 16 65 73 68 94 85 0 29 95 4 25 66 15 42 2 83 94 29 98 28 29 95 25 82 46 18 80 79 4 90 3 94 52 45 87 46 30 50 9 5 60 71 44 9 20 79 66 70 28 88 91 20 18 18 36 75 81 88 29 23 61 18 84 80 19 11 25 56 33 40 85 58 44 9 68 9 4 70 91 33 7 5 74 42 3 49 25 19 95 16 90 59 39 42 83 3 14
76 71 27 9 42 45 11 68 6 29 0 73 98 11 86 88 32 4 22 51 58 87 22 18 99 89 39 77 76 25 38 14 54 95 17 11 37 9 44 95 28 85 86 64 61 91 78 95 65 19 77 15 93 65 18 38 13 39 53 10 37 43 60 46 67 21 29 89 11 12 92 45 10 62 40 79 88 6 28 35 53 87 46 80 49 80 26 90 37 27 91 12 71 37 47 64 48 64 40 5
39 27 67 5 54 82 94 86 97 95 73 0 43 49 48 4 36 58 71 67 74 22 64 91 28 55 4 46 73 66 51 87 84 74 48 56 81 60 46 77 88 11 36 76 37 43 4 92 41 84 85 12 17 23 84 30 25 58 3 86 77 57 37 50 2 38 54 25 66 85 54 35 40 84 87 26 84 66 47 80 48 65 23 79 12 92 2 42 34 55 44 27 1 11 28 6 60 53 31 33
91 9 86 37 82 35 94 23 14 4 98 43 0 59 98 32 52 70 95 90 7 80 46 61 51 56 39 30 23 96 41 92 65 74 90 24 66 18 26 21 97 14 19 92 71 55 43 7 74 16 29 76 7 40 14 41 42 32 92 54 5 44 24 99 65 7 80 63 69 16 27 15 40 91 48 83 75 12 53 87 83 99 75 28 61 90 13 66 40 28 73 43 13 1 10 30 82 80 18 61
76 51 97 42 28 37 53 18 35 25 11 49 59 0 68 37 28 66 36 94 66 14 50 43 45 55 71 40 74 65 35 77 92 48 98 92 29 60 92 19 85 44 69 26 66 3 9 90 24 17 82 35 89 28 26 50 96 9 80 2 44 33 17 10 9 9 2 23 37 26 8 70 13 91 30 54 92 4 67 5 59 39 32 19 3 65 7 78 24 26 63 96 61 96 39 62 67 12 85 49
50 48 17 67 35 27 34 92 87 66 86 48 98 68 0 76 38 17 46 68 86 20 87 10 97 22 40 15 35 98 75 71 49 50 7 96 64 32 63 66 48 24 32 18 18 12 80 85 31 39 29 4 76 23 78 25 25 7 33 96 76 94 53 81 10 49 35 5 48 63 25 50 57 68 63 38 67 61 27 20 29 28 88 59 74 59 26 21 3 75 56 92 71 12 83 25 9 30 18 40
12 51 73 73 8 12 11 68 41 15 88 4 32 37 76 0 13 50 33 44 48 41 73 67 95 75 75 27 89 34 37 45 88 26 60 12 79 4 44 95 81 40 70 32 43 32 61 45 90 7 20 74 68 59 79 1 76 85 13 83 80 20 78 75 80 6 45 85 15 9 74 52 50 43 13 62 42 40 56 93 6 73 34 35 47 9 25 73 34 26 92 34 55 12 74 17 87 84 53 22
87 90 2 77 36 33 16 10 63 42 32 36 52 28 38 13 0 29 38 51 99 30 26 8 88 38 36 25 97 90 17 95 43 28 97 37 85 69 51 48 26 71 76 45 63 6 26 31 48 12 4 52 49 16 20 77 1 29 81 72 60 2 45 70 35 77 88 82 10 33 32 86 51 15 19 55 96 32 89 45 25 31 8 80 48 9 88 88 91 8 14 3 64 54 95 38 7 56 17 42
67 86 79 57 97 43 12 31 65 2 4 58 70 66 17 50 29 0 94 13 18 42 1 44 91 43 73 46 29 29 29 6 71 72 37 37 55 48 69 6 93 27 21 93 91 24 85 97 5 92 22 10 38 59 36 68 41 95 33 18 36 77 29 10 48 80 33 97 83 77 49 67 59 44 52 44 74 39 74 20 99 15 81 31 88 63 60 49 32 46 33 98 80 66 54 40 96 75 39 8
58 96 21 35 80 24 17 20 79 83 22 71 95 36 46 33 38 94 0 92 34 83 36 49 85 38 41 4 29 33 46 73 77 53 22 57 98 38 17 32 10 68 55 25 14 62 28 94 41 65 63 50 15 44 28 19 79 80 50 93 58 73 88 31 98 21 79 17 14 94 67 83 26 76 63 54 16 54 71 40 37 95 80 41 19 18 76 12 18 19 65 87 79 55 28 52 76 88 52 32
2 36 79 99 57 69 77 71 77 94 51 67 90 94 68 44 51 13 92 0 75 16 38 67 64 56 67 80 61 5 19 74 38 4 50 28 3 71 37 62 35 29 8 4 83 51 44 7 56 13 26 69 33 24 7 75 12 37 88 6 8 98 80 84 65 32 26 40 13 54 94 12 23 93 2 49 25 11 66 7 29 90 5 40 60 21 60 28 26 92 55 22 77 31 47 60 16 8 10 67
95 36 10 35 77 79 43 65 4 29 58 74 7 66 86 48 99 18 34 75 0 53 52 51 42 43 21 5 51 51 48 35 31 8 66 53 28 43 58 9 23 83 66 3 57 66 84 62 39 45 66 24 93 90 19 64 53 2 78 49 52 67 42 47 91 5 75 54 22 92 66 85 77 85 35 82 30 45 75 39 79 59 3 81 47 48 43 86 53 79 69 44 38 56 37 62 83 83 72 92
29 48 98 48 90 88 70 3 70 98 87 22 80 14 20 41 30 42 83 16 53 0 79 62 20 78 21 64 2 7 13 10 88 15 77 95 81 32 98 59 8 95 11 79 76 80 8 1 88 18 59 87 25 59 73 50 21 10 76 30 63 74 87 21 6 75 65 91 78 76 35 44 77 61 60 44 33 89 95 36 36 31 5 75 42 60 27 36 36 21 90 34 19 87 8 93 1 93 62 10
85 50 85 75 78 93 26 5 58 28 22 64 46 50 87 73 26 1 36 38 52 79 0 33 65 6 56 21 19 8 21 45 74 35 14 23 66 83 73 4 55 62 49 72 65 49 92 44 49 36 44 63 27 67 44 86 67 60 79 92 43 94 90 73 58 90 45 48 84 13 63 28 70 15 25 30 19 70 48 54 30 72 21 94 22 70 68 11 84 10 77 61 44 75 1 38 77 6 41 54
29 13 79 54 96 6 82 39 90 29 18 91 61 43 10 67 8 44 49 67 51 62 33 0 6 13 69 2 7 65 63 22 20 37 65 88 27 67 64 67 26 85 67 11 81 71 45 52 39 68 83 24 67 59 13 24 19 85 8 59 31 98 78 81 84 45 12 75 33 68 32 60 3 29 99 21 86 4 91 32 37 42 76 51 6 32 25 7 15 49 33 34 95 84 56 15 7 33 92 61
75 17 50 19 68 30 81 71 36 95 99 28 51 45 97 95 88 91 85 64 42 20 65 6 0 89 83 99 38 82 11 66 45 96 1 33 2 7 1 22 95 38 33 94 91 43 65 16 13 2 38 73 85 25 73 98 3 8 18 48 49 28 19 90 92 51 25 16 81 29 4 55 58 32 30 26 70 52 45 76 72 17 92 14 96 99 16 44 35 44 3 76 70 64 13 38 89 93 63 31
35 27 6 38 74 59 19 85 52 25 89 55 56 55 22 75 38 43 38 56 43 78 6 13 89 0 79 86 1 81 56 49 8 88 20 24 71 50 50 60 53 18 63 45 76 56 70 24 15 93 63 94 44 12 42 64 36 43 77 63 18 24 80 62 88 33 16 97 51 79 10 87 75 20 44 12 78 44 3 49 95 74 89 12 36 37 22 4 77 55 69 39 96 11 33 61 74 3 11 79
70 62 54 49 84 55 46 18 80 82 39 4 39 71 40 75 36 73 41 67 21 21 56 69 83 79 0 44 35 91 47 63 37 77 63 92 31 49 95 92 69 26 27 72 32 25 13 65 41 69 29 3 55 14 76 4 18 14 93 48 54 51 45 77 18 51 28 62 38 50 18 64 52 37 70 55 95 25 88 16 17 35 70 5 23 65 25 34 23 29 2 28 32 71 4 87 51 65 21 89
33 92 99 87 98 19 57 29 75 46 77 46 30 40 15 27 25 46 4 80 5 64 21 2 99 86 44 0 20 86 41 81 76 93 81 62 73 32 7 77 60 48 84 18 62 36 45 41 82 1 98 33 51 64 21 31 74 56 15 60 46 66 52 58 37 80 3 33 79 59 10 38 13 37 82 92 2 2 49 80 75 72 25 52 14 56 17 15 69 9 37 64 21 21 55 82 32 13 79 24
5 10 18 82 49 14 94 69 75 18 76 73 23 74 35 89 97 29 29 61 51 2 19 7 38 1 35 20 0 41 49 85 32 97 80 44 99 11 94 10 15 49 42 8 68 78 38 45 22 26 71 6 6 52 15 48 73 57 64 80 47 51 83 45 25 44 98 9 93 23 58 91 1 77 71 27 80 22 75 74 46 17 8 92 10 21 79 2 25 68 94 19 5 74 60 41 18 76 37 44
98 20 66 92 51 3 77 78 23 80 25 66 96 65 98 34 90 29 33 5 51 7 8 65 82 81 91 86 41 0 7 59 33 37 64 67 36 54 45 42 5 11 20 42 65 2 19 12 37 62 83 19 13 68 75 40 77 88 34 13 13 70 81 46 96 91 52 90 47 86 61 64 27 1 80 46 40 22 45 54 85 16 58 33 74 65 51 8 43 92 85 12 77 3 52 44 35 94 5 66
7 7 89 51 76 88 23 30 93 79 38 51 41 35 75 37 17 29 46 19 48 13 21 63 11 56 47 41 49 7 0 32 79 3 6 12 59 4 19 32 95 33 52 20 93 67 13 40 34 56 2 12 13 70 23 40 26 6 74 4 30 85 18 49 91 90 37 23 31 32 73 15 6 93 17 55 28 51 61 72 42 23 18 91 66 54 2 96 76 55 41 35 43 52 25 10 29 24 50 81
2 25 61 2 87 85 70 37 71 4 14 87 92 77 71 45 95 6 73 74 35 10 45 22 66 49 63 81 85 59 32 0 6 69 99 85 66 56 18 78 57 61 25 94 51 67 79 28 86 89 55 24 26 30 28 62 30 94 32 88 89 76 91 68 55 91 79 37 36 53 34 73 27 52 75 82 87 24 45 22 77 76 3 43 19 27 75 75 58 61 79 82 53 84 51 31 79 37 69 11
50 24 22 47 58 65 70 8 92 90 54 84 65 92 49 88 43 71 77 38 31 88 74 20 45 8 37 76 32 33 79 6 0 81 43 77 96 51 56 64 13 46 55 28 6 31 37 46 87 71 5 34 78 44 87 9 68 14 24 14 9 67 31 10 44 30 13 25 62 8 43 82 5 32 5 18 87 84 27 27 18 90 84 12 70 33 51 4 6 35 83 12 45 9 66 51 40 7 65 97
11 24 90 27 39 41 99 93 47 3 95 74 74 48 50 26 28 72 53 4 8 15 35 37 96 88 77 93 97 37 3 69 81 0 9 98 63 63 18 85 51 96 34 37 38 77 40 38 66 52 46 38 88 5 10 94 85 51 35 11 14 24 49 58 76 8 2 82 30 83 82 19 5 46 89 66 63 27 54 40 87 10 44 74 11 41 58 37 36 35 81 10 42 97 4 47 48 68 2 35
60 69 14 97 3 94 97 46 73 94 17 48 90 98 7 60 97 37 22 50 66 77 14 65 1 20 63 81 80 64 6 99 43 9 0 86 30 99 41 2 51 28 11 92 41 37 64 18 20 38 72 17 92 20 32 48 87 26 44 48 85 48 79 74 31 71 90 74 69 68 17 74 97 70 70 5 74 48 56 86 70 65 43 5 18 8 61 68 23 19 63 51 39 33 90 49 9 83 3 63
3 60 11 27 76 71 39 74 51 52 11 56 24 92 96 12 37 37 57 28 53 95 23 88 33 24 92 62 44 67 12 85 77 98 86 0 99 43 8 81 74 95 95 29 46 35 3 27 85 72 96 34 75 32 74 57 83 82 64 13 18 26 53 78 33 4 79 52 89 9 36 55 71 35 97 65 62 29 11 70 73 48 86 51 73 16 57 76 11 63 52 99 80 72 40 6 47 44 25 36
80 11 33 98 63 35 63 82 91 45 37 81 66 29 64 79 85 55 98 3 28 81 66 27 2 71 31 73 99 36 59 66 96 63 30 99 0 43 13 17 71 22 23 41 2 26 12 6 33 73 33 64 70 13 18 90 8 99 8 69 41 17 83 80 99 33 16 59 40 58 33 11 38 77 49 85 72 46 66 56 53 68 14 71 35 32 56 9 18 17 31 13 73 60 76 27 24 32 66 78
1 45 70 75 92 64 50 33 86 87 9 60 18 60 32 4 69 48 38 71 43 32 83 67 7 50 49 32 11 54 4 56 51 63 99 43 43 0 71 52 50 33 90 34 15 31 66 93 42 23 10 92 37 89 15 17 39 34 89 9 35 83 4 60 9 69 7 16 74 88 29 40 31 36 91 88 72 38 28 61 97 24 57 1 33 18 24 65 59 57 60 6 69 36 8 55 81 94 83 53
70 90 15 33 7 92 38 44 63 46 44 46 26 92 63 44 51 69 17 37 58 98 73 64 1 50 95 7 94 45 19 18 56 18 41 8 13 71 0 81 36 78 37 46 17 90 52 48 32 94 2 20 61 80 81 15 36 95 29 36 87 48 99 49 54 33 31 53 87 17 13 34 48 56 72 28 28 82 11 17 57 4 66 5 95 90 58 95 25 10 56 54 54 43 36 21 5 46 15 64
66 15 59 89 1 77 99 68 89 30 95 77 21 19 66 95 48 6 32 62 9 59 4 67 22 60 92 77 10 42 32 78 64 85 2 81 17 52 81 0 8 67 81 20 22 23 51 59 72 9 70 27 66 49 45 94 11 22 28 21 35 37 15 45 22 33 81 94 41 68 55 33 40 33 79 36 41 82 25 94 75 5 41 19 89 56 88 10 86 79 98 79 70 52 37 25 43 52 63 89
4 82 35 70 20 21 24 46 47 50 28 88 97 85 48 81 26 93 10 35 23 8 55 26 95 53 69 60 15 5 95 57 13 51 51 74 71 50 36 8 0 55 89 45 47 58 20 37 27 51 20 43 30 52 13 36 36 55 40 19 86 50 38 56 56 45 88 37 94 16 77 39 62 55 77 21 95 92 36 38 14 67 95 60 96 87 62 13 94 88 4 2 48 25 66 30 74 38 95 67
34 51 20 43 5 69 75 78 61 9 85 11 14 44 24 40 71 27 68 29 83 95 62 85 38 18 26 48 49 11 33 61 46 96 28 95 22 33 78 67 55 0 8 30 89 22 89 96 18 31 79 90 16 66 18 71 86 23 86 73 67 41 46 28 36 68 54 46 68 98 21 31 51 84 29 5 68 78 16 41 26 39 80 35 54 62 21 93 38 52 43 26 58 71 15 96 53 45 46 18
9 40 65 75 29 5 88 70 51 5 86 36 19 69 32 70 76 21 55 8 66 11 49 67 33 63 27 84 42 20 52 25 55 34 11 95 23 90 37 81 89 8 0 28 54 57 10 69 83 10 3 82 6 63 50 98 89 92 91 58 69 79 50 80 2 85 90 9 89 24 97 4 3 90 47 18 15 80 43 77 79 92 89 3 44 19 14 73 11 58 8 29 40 25 48 2 3 7 5 47
69 17 90 62 97 89 76 26 94 60 64 76 92 26 18 32 45 93 25 4 3 79 72 11 94 45 72 18 8 42 20 94 28 37 92 29 41 34 46 20 45 30 28 0 13 39 62 29 11 7 31 98 28 78 18 32 91 90 98 14 88 7 3 38 42 95 49 3 42 4 58 66 30 95 26 40 37 96 45 21 6 83 41 63 22 56 36 78 89 85 80 78 46 44 21 92 70 39 6 82
37 87 54 50 11 67 3 13 71 71 61 37 71 66 18 43 63 91 14 83 57 76 65 81 91 76 32 62 68 65 93 51 6 38 41 46 2 15 17 22 47 89 54 13 0 37 67 73 74 25 56 21 41 2 97 22 7 80 12 66 5 68 58 56 69 83 46 29 21 2 38 92 96 27 65 70 16 55 32 26 42 8 31 67 35 82 16 93 26 7 20 12 7 3 76 42 61 18 66 54
40 37 90 94 19 53 50 96 17 44 91 43 55 3 12 32 6 24 62 51 66 80 49 71 43 56 25 36 78 2 67 67 31 77 37 35 26 31 90 23 58 22 57 39 37 0 95 69 52 61 81 72 39 92 33 57 16 53 72 71 4 57 65 64 61 60 11 21 84 13 67 51 34 50 59 2 80 91 18 43 37 62 84 4 72 8 5 1 14 91 72 74 94 84 6 12 73 84 6 84
6 17 13 18 56 97 42 10 19 9 78 4 43 9 80 61 26 85 28 44 84 8 92 45 65 70 13 45 38 19 13 79 37 40 64 3 12 66 52 51 20 89 10 62 67 95 0 67 96 91 11 26 77 69 52 82 81 62 77 3 12 14 69 74 36 2 16 41 48 17 96 22 16 19 45 46 89 44 50 93 75 31 41 15 84 25 41 99 15 66 58 55 61 82 25 69 63 38 88 46
48 99 31 95 66 83 2 41 29 20 95 92 7 90 85 45 31 97 94 7 62 1 44 52 16 24 65 41 45 12 40 28 46 38 18 27 6 93 48 59 37 96 69 29 73 69 67 0 59 82 97 74 35 77 69 60 69 1 89 64 75 25 84 22 9 63 13 45 51 86 90 8 49 86 67 27 16 87 23 58 30 56 6 44 66 13 65 6 14 82 22 79 52 7 98 82 95 99 36 54
9 52 45 1 95 36 93 85 5 79 65 41 74 24 31 90 48 5 41 56 39 88 49 39 13 15 41 82 22 37 34 86 87 66 20 85 33 42 32 72 27 18 83 11 74 52 96 59 0 14 52 34 44 90 63 13 6 78 58 59 68 25 66 80 84 73 96 65 58 11 40 45 50 11 32 74 61 29 9 22 70 41 96 67 65 37 78 73 13 57 97 40 50 63 74 68 45 48 92 68
41 24 32 63 89 67 41 10 11 66 19 84 16 17 39 7 12 92 65 13 45 18 36 68 2 93 69 1 26 62 56 89 71 52 38 72 73 23 94 9 51 31 10 7 25 61 91 82 14 0 20 71 12 85 23 61 99 1 8 10 39 12 99 97 52 64 46 40 54 75 73 80 32 59 76 29 1 33 42 32 82 13 16 11 70 23 48 92 29 90 43 16 87 2 17 76 53 69 17 61
77 73 89 46 22 71 63 86 25 70 77 85 29 82 29 20 4 22 63 26 66 59 44 83 38 63 29 98 71 83 2 55 5 46 72 96 33 10 2 70 20 79 3 31 56 81 11 97 52 20 0 34 81 96 28 68 36 66 8 9 24 95 75 83 75 26 83 70 45 23 44 7 7 25 78 15 86 53 67 75 75 21 42 82 37 19 41 73 34 47 28 76 29 21 86 48 71 84 37 95
44 35 7 7 66 46 27 76 66 28 15 12 76 35 4 74 52 10 50 69 24 87 63 24 73 94 3 33 6 19 12 24 34 38 17 34 64 92 20 27 43 90 82 98 21 72 26 74 34 71 34 0 51 50 34 25 81 85 31 93 11 82 64 48 79 7 1 73 9 77 67 54 22 14 6 93 27 57 40 13 53 22 29 27 16 1 81 69 97 40 22 84 55 74 26 33 73 92 57 66
33 6 79 49 72 85 27 20 89 88 93 17 7 89 76 68 49 38 15 33 93 25 27 67 85 44 55 51 6 13 13 26 78 88 92 75 70 37 61 66 30 16 6 28 41 39 77 35 44 12 81 51 0 4 28 72 29 76 54 25 80 7 55 82 34 48 9 2 62 56 51 16 69 80 66 53 48 56 59 9 24 70 97 91 45 13 53 60 53 89 70 77 55 16 62 86 18 61 76 70
3 12 93 69 41 24 27 84 82 91 65 23 40 28 23 59 16 59 44 24 90 59 67 59 25 12 14 64 52 68 70 30 44 5 20 32 13 89 80 49 52 66 63 78 2 92 69 77 90 85 96 50 4 0 55 20 58 36 69 44 83 42 19 65 64 95 9 99 87 5 36 79 1 18 75 88 69 52 29 31 15 71 71 50 84 19 77 85 39 75 9 73 34 7 8 39 22 92 56 87
87 86 52 64 95 54 33 99 1 20 18 84 14 26 78 79 20 36 28 7 19 73 44 13 73 42 76 21 15 75 23 28 87 10 32 74 18 15 81 45 13 18 50 18 97 33 52 69 63 23 28 34 28 55 0 1 79 92 3 81 13 37 11 55 16 32 20 16 41 60 5 42 1 93 26 39 58 48 24 42 31 83 43 25 85 88 75 63 95 65 25 4 67 96 63 65 16 12 35 66
90 75 64 76 57 13 69 84 23 18 38 30 41 50 25 1 77 68 19 75 64 50 86 24 98 64 4 31 48 40 40 62 9 94 48 57 90 17 15 94 36 71 98 32 22 57 82 60 13 61 68 25 72 20 1 0 2 48 75 64 38 78 53 83 9 30 23 51 99 2 83 65 50 6 98 2 22 29 46 29 77 68 34 58 49 66 23 22 86 17 41 85 6 84 99 81 83 48 34 82
69 85 44 37 91 67 92 25 67 18 13 25 42 96 25 76 1 41 79 12 53 21 67 19 3 36 18 74 73 77 26 30 68 85 87 83 8 39 36 11 36 86 89 91 7 16 81 69 6 99 36 81 29 58 79 2 0 13 47 47 7 14 50 28 81 65 47 63 79 98 66 79 31 68 47 63 63 8 87 44 91 24 37 2 5 21 35 77 61 43 68 41 19 11 19 44 18 21 30 26
55 92 81 95 51 59 25 34 25 36 39 58 32 9 7 85 29 95 80 37 2 10 60 85 8 43 14 56 57 88 6 94 14 51 26 82 99 34 95 22 55 23 92 90 80 53 62 1 78 1 66 85 76 36 92 48 13 0 53 32 22 6 56 60 83 50 34 66 77 81 8 80 45 43 23 94 77 92 94 97 50 43 9 38 7 33 75 57 73 22 62 59 66 61 55 44 28 1 40 17
92 79 4 9 23 22 81 61 24 75 53 3 92 80 33 13 81 33 50 88 78 76 79 8 18 77 93 15 64 34 74 32 24 35 44 64 8 89 29 28 40 86 91 98 12 72 77 89 58 8 8 31 54 69 3 75 47 53 0 7 89 80 33 22 88 68 99 54 35 47 57 94 38 8 25 52 83 72 99 8 3 67 88 77 55 70 75 34 94 4 39 61 92 96 45 25 6 18 83 72
88 49 19 77 43 26 89 74 54 81 10 86 54 2 96 83 72 18 93 6 49 30 92 59 48 63 48 60 80 13 4 88 14 11 48 13 69 9 36 21 19 73 58 14 66 71 3 64 59 10 9 93 25 44 81 64 47 32 7 0 27 96 86 76 77 82 8 60 30 60 83 56 16 59 69 33 35 35 18 90 85 34 5 37 64 95 13 18 10 72 47 80 13 54 27 21 85 2 74 86
16 94 14 74 85 48 4 71 34 88 37 77 5 44 76 80 60 36 58 8 52 63 43 31 49 18 54 46 47 13 30 89 9 14 85 18 41 35 87 35 86 67 69 88 5 4 12 75 68 39 24 11 80 83 13 38 7 22 89 27 0 25 72 8 23 90 42 74 7 84 20 16 35 87 86 57 41 63 6 51 21 51 90 99 16 8 86 4 5 73 3 90 14 38 54 79 74 74 41 54
86 81 83 29 55 75 2 70 6 29 43 57 44 33 94 20 2 77 73 98 67 74 94 98 28 24 51 66 51 70 85 76 67 24 48 26 17 83 48 37 50 41 79 7 68 57 14 25 25 12 95 82 7 42 37 78 14 6 80 96 25 0 64 33 40 71 75 81 98 49 50 22 32 2 51 94 95 19 63 49 33 11 2 21 60 26 15 41 96 53 37 19 68 28 11 26 9 84 79 65
23 91 83 54 65 23 92 81 37 23 60 37 24 17 53 78 45 29 88 80 42 87 90 78 19 80 45 52 83 81 18 91 31 49 79 53 83 4 99 15 38 46 50 3 58 65 69 84 66 99 75 64 55 19 11 53 50 56 33 86 72 64 0 31 8 77 88 32 76 35 6 39 61 43 39 93 56 98 41 91 17 29 68 91 12 38 19 62 26 95 70 54 6 54 82 12 13 92 90 44
88 71 50 34 76 73 3 56 98 61 46 50 99 10 81 75 70 10 31 84 47 21 73 81 90 62 77 58 45 46 49 68 10 58 74 78 80 60 49 45 56 28 80 38 56 64 74 22 80 97 83 48 82 65 55 83 28 60 22 76 8 33 31 0 55 89 5 96 68 17 38 1 98 33 7 82 65 3 60 10 59 54 68 42 6 3 43 16 75 34 60 69 29 52 19 97 37 75 7 90
64 69 4 79 55 71 20 29 87 18 67 2 65 9 10 80 35 48 98 65 91 6 58 84 92 88 18 37 25 96 91 55 44 76 31 33 99 9 54 22 56 36 2 42 69 61 36 9 84 52 75 79 34 64 16 9 81 83 88 77 23 40 8 55 0 59 48 24 65 39 79 99 48 74 88 42 42 71 58 24 26 19 9 68 72 33 40 46 88 91 68 94 27 45 55 39 68 28 76 10
26 89 80 50 6 60 45 93 75 84 21 38 7 9 49 6 77 80 21 32 5 75 90 45 51 33 51 80 44 91 90 91 30 8 71 4 33 69 33 33 45 68 85 95 83 60 2 63 73 64 26 7 48 95 32 30 65 50 68 82 90 71 77 89 59 0 47 47 74 42 36 83 38 36 35 32 17 49 79 82 24 8 97 34 35 49 73 67 98 70 47 51 12 75 54 2 80 2 51 44
45 65 44 15 25 68 32 87 8 80 29 54 80 2 35 45 88 33 79 26 75 65 45 12 25 16 28 3 98 52 37 79 13 2 90 79 16 7 31 81 88 54 90 49 46 11 16 13 96 46 83 1 9 9 20 23 47 34 99 8 42 75 88 5 48 47 0 53 1 16 71 71 61 73 50 8 36 5 42 54 3 77 1 83 1 16 95 74 20 74 3 47 72 27 29 84 65 64 42 84
75 26 89 68 36 76 24 15 15 19 89 25 63 23 5 85 82 97 17 40 54 91 48 75 16 97 62 33 9 90 23 37 25 82 74 52 59 16 53 94 37 46 9 3 29 21 41 45 65 40 70 73 2 99 16 51 63 66 54 60 74 81 32 96 24 47 53 0 52 77 27 20 29 91 96 44 25 32 96 17 44 99 41 17 87 20 88 14 9 36 29 77 88 93 32 61 34 93 4 51
61 29 21 47 13 16 54 5 26 11 11 66 69 37 48 15 10 83 14 13 22 78 84 33 81 51 38 79 93 47 31 36 62 30 69 89 40 74 87 41 94 68 89 42 21 84 48 51 58 54 45 9 62 87 41 99 79 77 35 30 7 98 76 68 65 74 1 52 0 16 56 55 76 69 25 3 53 79 79 93 43 21 61 86 45 27 18 73 23 51 80 95 37 48 83 69 32 66 13 21
36 68 77 53 93 47 87 13 50 25 12 85 16 26 63 9 33 77 94 54 92 76 13 68 29 79 50 59 23 86 32 53 8 83 68 9 58 88 17 68 16 98 24 4 2 13 17 86 11 75 23 77 56 5 60 2 98 81 47 60 84 49 35 17 39 42 16 77 16 0 83 52 46 23 79 3 48 50 89 8 33 55 65 51 89 96 40 97 52 36 63 42 60 9 90 17 31 84 74 61
73 78 66 30 15 4 18 4 33 56 92 54 27 8 25 74 32 49 67 94 66 35 63 32 4 10 18 10 58 61 73 34 43 82 17 36 33 29 13 55 77 21 97 58 38 67 96 90 40 73 44 67 51 36 5 83 66 8 57 83 20 50 6 38 79 36 71 27 56 83 0 67 13 43 96 67 27 24 52 61 42 32 77 83 18 45 70 80 44 53 27 79 14 10 78 73 69 79 12 85
99 34 94 29 84 80 20 23 82 33 45 35 15 70 50 52 86 67 83 12 85 44 28 60 55 87 64 38 91 64 15 73 82 19 74 55 11 40 34 33 39 31 4 66 92 51 22 8 45 80 7 54 16 79 42 65 79 80 94 56 16 22 39 1 99 83 71 20 55 52 67 0 94 48 79 8 99 60 28 6 32 73 19 71 58 38 33 2 71 52 56 46 48 31 84 74 37 35 22 77
64 63 7 66 92 67 62 42 59 40 10 40 40 13 57 50 51 59 26 23 77 77 70 3 58 75 52 13 1 27 6 27 5 5 97 71 38 31 48 40 62 51 3 30 96 34 16 49 50 32 7 22 69 1 1 50 31 45 38 16 35 32 61 98 48 38 61 29 76 46 13 94 0 20 82 43 13 11 35 19 63 49 41 93 61 2 33 36 12 56 9 42 51 1 74 68 86 6 23 25
48 18 91 56 38 13 9 70 74 85 62 84 91 91 68 43 15 44 76 93 85 61 15 29 32 20 37 37 77 1 93 52 32 46 70 35 77 36 56 33 55 84 90 95 27 50 19 86 11 59 25 14 80 18 93 6 68 43 8 59 87 2 43 33 74 36 73 91 69 23 43 48 20 0 79 59 19 90 22 68 88 91 15 12 34 57 82 34 40 89 19 34 9 17 17 43 24 14 39 11
25 44 18 84 44 65 99 12 7 58 40 87 48 30 63 13 19 52 63 2 35 60 25 99 30 44 70 82 71 80 17 75 5 89 70 97 49 91 72 79 77 29 47 26 65 59 45 67 32 76 78 6 66 75 26 98 47 23 25 69 86 51 39 7 88 35 50 96 25 79 96 79 82 79 0 68 55 87 29 67 55 96 33 75 96 71 24 64 81 8 12 24 66 28 82 77 89 56 1 40
20 76 6 16 58 8 92 61 82 44 79 26 83 54 38 62 55 44 54 49 82 44 30 21 26 12 55 92 27 46 55 82 18 66 5 65 85 88 28 36 21 5 18 40 70 2 46 27 74 29 15 93 53 88 39 2 63 94 52 33 57 94 93 82 42 32 8 44 3 3 67 8 43 59 68 0 86 78 73 78 61 80 47 73 14 42 70 27 47 14 41 76 87 88 25 21 35 24 33 12
63 99 16 23 47 68 46 68 70 9 88 84 75 92 67 42 96 74 16 25 30 33 19 86 70 78 95 2 80 40 28 87 87 63 74 62 72 72 28 41 95 68 15 37 16 80 89 16 61 1 86 27 48 69 58 22 63 77 83 35 41 95 56 65 42 17 36 25 53 48 27 99 13 19 55 86 0 65 42 6 63 63 46 72 25 9 72 38 60 78 26 84 20 22 14 51 44 76 65 89
77 78 10 50 47 9 59 53 99 68 6 66 12 4 61 40 32 39 54 11 45 89 70 4 52 44 25 2 22 22 51 24 84 27 48 29 46 38 82 82 92 78 80 96 55 91 44 87 29 33 53 57 56 52 48 29 8 92 72 35 63 19 98 3 71 49 5 32 79 50 24 60 11 90 87 78 65 0 1 55 58 57 23 33 89 14 68 1 58 72 10 42 47 97 56 30 82 29 50 11
14 80 55 9 66 63 64 62 71 9 28 47 53 67 27 56 89 74 71 66 75 95 48 91 45 3 88 49 75 45 61 45 27 54 56 11 66 28 11 25 36 16 43 45 32 18 50 23 9 42 67 40 59 29 24 46 87 94 99 18 6 63 41 60 58 79 42 96 79 89 52 28 35 22 29 73 42 1 0 46 6 15 73 19 51 71 59 84 53 83 10 91 57 53 68 56 92 43 38 66
40 86 82 89 20 53 7 87 17 4 35 80 87 5 20 93 45 20 40 7 39 36 54 32 76 49 16 80 74 54 72 22 27 40 86 70 56 61 17 94 38 41 77 21 26 43 93 58 22 32 75 13 9 31 42 29 44 97 8 90 51 49 91 10 24 82 54 17 93 8 61 6 19 68 67 78 6 55 46 0 43 12 13 32 21 29 59 75 64 63 46 57 95 86 27 13 60 72 37 91
88 57 70 49 12 14 43 35 8 70 53 48 83 59 29 6 25 99 37 29 79 36 30 37 72 95 17 75 46 85 42 77 18 87 70 73 53 97 57 75 14 26 79 6 42 37 75 30 70 82 75 53 24 15 31 77 91 50 3 85 21 33 17 59 26 24 3 44 43 33 42 32 63 88 55 61 63 58 6 43 0 79 75 68 65 18 80 21 50 96 46 13 75 67 4 36 23 79 82 89
71 30 31 57 33 81 96 39 82 91 87 65 99 39 28 73 31 15 95 90 59 31 72 42 17 74 35 72 17 16 23 76 90 10 65 48 68 24 4 5 67 39 92 83 8 62 31 56 41 13 21 22 70 71 83 68 24 43 67 34 51 11 29 54 19 8 77 99 21 55 32 73 49 91 96 80 63 57 15 12 79 0 55 94 60 97 76 94 48 19 62 85 33 85 96 8 41 91 11 70
12 7 10 69 14 4 60 64 67 33 46 23 75 32 88 34 8 81 80 5 3 5 21 76 92 89 70 25 8 58 18 3 84 44 43 86 14 57 66 41 95 80 89 41 31 84 41 6 96 16 42 29 97 71 43 34 37 9 88 5 90 2 68 68 9 97 1 41 61 65 77 19 41 15 33 47 46 23 73 13 75 55 0 68 49 32 18 9 84 12 43 73 12 97 49 50 90 41 93 62
14 49 50 30 95 51 98 90 60 7 80 79 28 19 59 35 80 31 41 40 81 75 94 51 14 12 5 52 92 33 91 43 12 74 5 51 71 1 5 19 60 35 3 63 67 4 15 44 67 11 82 27 91 50 25 58 2 38 77 37 99 21 91 42 68 34 83 17 86 51 83 71 93 12 75 73 72 33 19 32 68 94 68 0 89 47 57 85 10 4 41 97 57 13 77 73 12 97 90 53
33 89 39 66 29 39 38 10 43 5 49 12 61 3 74 47 48 88 19 60 47 42 22 6 96 36 23 14 10 74 66 19 70 11 18 73 35 33 95 89 96 54 44 22 35 72 84 66 65 70 37 16 45 84 85 49 5 7 55 64 16 60 12 6 72 35 1 87 45 89 18 58 61 34 96 14 25 89 51 21 65 60 49 89 0 97 44 79 82 40 67 78 30 51 76 22 73 58 83 30
68 74 14 44 93 85 28 85 55 74 80 92 90 65 59 9 9 63 18 21 48 60 70 32 99 37 65 56 21 65 54 27 33 41 8 16 32 18 90 56 87 62 19 56 82 8 25 13 37 23 19 1 13 19 88 66 21 33 70 95 8 26 38 3 33 49 16 20 27 96 45 38 2 57 71 42 9 14 71 29 18 97 32 47 97 0 54 83 70 46 36 9 79 56 90 33 72 4 19 73
60 64 50 71 20 72 26 53 16 42 26 2 13 7 26 25 88 60 76 60 43 27 68 25 16 22 25 17 79 51 2 75 51 58 61 57 56 24 58 88 62 21 14 36 16 5 41 65 78 48 41 81 53 77 75 23 35 75 75 13 86 15 19 43 40 73 95 88 18 40 70 33 33 82 24 70 72 68 59 59 80 76 18 57 44 54 0 48 10 70 7 23 40 81 90 46 95 74 75 8
8 32 94 85 48 42 95 27 68 3 90 42 66 78 21 73 88 49 12 28 86 36 11 7 44 4 34 15 2 8 96 75 4 37 68 76 9 65 95 10 13 93 73 78 93 1 99 6 73 92 73 69 60 85 63 22 77 57 34 18 4 41 62 16 46 67 74 14 73 97 80 2 36 34 64 27 38 1 84 75 21 94 9 85 79 83 48 0 49 42 88 6 80 34 90 55 20 46 40 56
69 20 14 57 78 29 24 91 56 49 37 34 40 24 3 34 91 32 18 26 53 36 84 15 35 77 23 69 25 43 76 58 6 36 23 11 18 59 25 86 94 38 11 89 26 14 15 14 13 29 34 97 53 39 95 86 61 73 94 10 5 96 26 75 88 98 20 9 23 52 44 71 12 40 81 47 60 58 53 64 50 48 84 10 82 70 10 49 0 33 63 31 10 38 75 28 6 66 32 57
91 90 68 45 93 39 50 35 92 25 27 55 28 26 75 26 8 46 19 92 79 21 10 49 44 55 29 9 68 92 55 61 35 35 19 63 17 57 10 79 88 52 58 85 7 91 66 82 57 90 47 40 89 75 65 17 43 22 4 72 73 53 95 34 91 70 74 36 51 36 53 52 56 89 8 14 78 72 83 63 96 19 12 4 40 46 70 42 33 0 99 18 64 45 71 53 11 17 65 54
7 93 96 24 1 57 79 25 32 19 91 44 73 63 56 92 14 33 65 55 69 90 77 33 3 69 2 37 94 85 41 79 83 81 63 52 31 60 56 98 4 43 8 80 20 72 58 22 97 43 28 22 70 9 25 41 68 62 39 47 3 37 70 60 68 47 3 29 80 63 27 56 9 19 12 41 26 10 10 46 46 62 43 41 67 36 7 88 63 99 0 71 82 43 41 36 91 97 48 74
12 46 40 14 92 12 87 28 46 95 12 27 43 96 92 34 3 98 87 22 44 34 61 34 76 39 28 64 19 12 35 82 12 10 51 99 13 6 54 79 2 26 29 78 12 74 55 79 40 16 76 84 77 73 4 85 41 59 61 80 90 19 54 69 94 51 47 77 95 42 79 46 42 34 24 76 84 42 91 57 13 85 73 97 78 9 23 6 31 18 71 0 86 79 99 79 62 61 88 77
37 3 32 23 22 76 40 25 40 16 71 1 13 61 71 55 64 80 79 77 38 19 44 95 70 96 32 21 5 77 43 53 45 42 39 80 73 69 54 70 48 58 40 46 7 94 61 52 50 87 29 55 55 34 67 6 19 66 92 13 14 68 6 29 27 12 72 88 37 60 14 48 51 9 66 87 20 47 57 95 75 33 12 57 30 79 40 80 10 64 82 86 0 86 18 20 94 13 76 13
55 48 32 26 26 46 37 56 89 90 37 11 1 96 12 12 54 66 55 31 56 87 75 84 64 11 71 21 74 3 52 84 9 97 33 72 60 36 43 52 25 71 25 44 3 84 82 7 63 2 21 74 16 7 96 84 11 61 96 54 38 28 54 52 45 75 27 93 48 9 10 31 1 17 28 88 22 97 53 86 67 85 97 13 51 56 81 34 38 45 43 79 86 0 78 87 7 32 63 77
64 27 89 14 90 41 97 48 63 59 47 28 10 39 83 74 95 54 28 47 37 8 1 56 13 33 4 55 60 52 25 51 66 4 90 40 76 8 36 37 66 15 48 21 76 6 25 98 74 17 86 26 62 8 63 99 19 55 45 27 54 11 82 19 55 54 29 32 83 90 78 84 74 17 82 25 14 56 68 27 4 96 49 77 76 90 90 90 75 71 41 99 18 78 0 11 86 68 8 25
48 2 54 47 68 38 76 13 40 39 64 6 30 62 25 17 38 40 52 60 62 93 38 15 38 61 87 82 41 44 10 31 51 47 49 6 27 55 21 25 30 96 2 92 42 12 69 82 68 76 48 33 86 39 65 81 44 44 25 21 79 26 12 97 39 2 84 61 69 17 73 74 68 43 77 21 51 30 56 13 36 8 50 73 22 33 46 55 28 53 36 79 20 87 11 0 89 40 69 55
88 21 66 87 15 99 17 32 38 42 48 60 82 67 9 87 7 96 76 16 83 1 77 7 89 74 51 32 18 35 29 79 40 48 9 47 24 81 5 43 74 53 3 70 61 73 63 95 45 53 71 73 18 22 16 83 18 28 6 85 74 9 13 37 68 80 65 34 32 31 69 37 86 24 89 35 44 82 92 60 23 41 90 12 73 72 95 20 6 11 91 62 94 7 86 89 0 81 74 28
26 71 68 38 37 23 28 76 75 83 64 53 80 12 30 84 56 75 88 8 83 93 6 33 93 3 65 13 76 94 24 37 7 68 83 44 32 94 46 52 38 45 7 39 18 84 38 99 48 69 84 92 61 92 12 48 21 1 18 2 74 84 92 75 28 2 64 93 66 84 79 35 6 14 56 24 76 29 43 72 79 91 41 97 58 4 74 46 66 17 97 61 13 32 68 40 81 0 27 84
70 88 2 95 50 10 1 64 88 3 40 31 18 85 18 53 17 39 52 10 72 62 41 92 63 11 21 79 37 5 50 69 65 2 3 25 66 83 15 63 95 46 5 6 66 6 88 36 92 17 37 57 76 56 35 34 30 40 83 74 41 79 90 7 76 51 42 4 13 74 12 22 23 39 1 33 65 50 38 37 82 11 93 90 83 19 75 40 32 65 48 88 76 63 8 69 74 27 0 79
76 17 59 21 95 89 51 42 64 14 5 33 61 49 40 22 42 8 32 67 92 10 54 61 31 79 89 24 44 66 81 11 97 35 63 36 78 53 64 89 67 18 47 82 54 84 46 54 68 61 95 66 70 87 66 82 26 17 72 86 54 65 44 90 10 44 84 51 21 61 85 77 25 11 40 12 89 11 66 91 89 70 62 53 30 73 8 56 57 54 74 77 13 77 25 55 28 84 79 0
