15 124
13 23
6 31
1 19
4 10
12 20
4 33
8 12
10 44
4 40
6 13
3 28
5 30
8 27
7 37
9 24
9 11
13 20
11 32
2 21
7 12
8 26
8 42
9 10
2 29
6 23
10 40
14 34
9 12
10 13
5 40
4 44
1 23
4 18
6 29
1 41
3 18
4 36
9 12
2 13
4 24
14 42
4 14
4 13
8 21
1 32
2 23
10 21
10 26
1 34
11 39
5 31
8 35
4 26
12 29
3 43
8 42
13 16
3 31
1 41
1 23
5 17
6 34
6 25
7 28
9 25
5 21
2 39
5 11
10 41
11 34
11 34
9 13
2 28
2 13
8 22
10 32
10 15
4 33
7 42
8 21
12 30
3 20
12 38
1 12
4 37
6 29
13 35
10 33
11 30
5 39
12 13
5 19
7 19
5 33
5 13
4 36
13 13
5 41
5 19
9 20
5 37
4 17
11 31
8 43
14 44
6 44
6 34
1 43
2 15
6 10
10 21
4 44
1 15
6 26
1 18
2 11
3 27
5 37
3 35
1 13
14 40
4 39
3 43
11 28
