10 140
6 23
1 21
4 26
4 34
8 39
4 31
6 35
3 26
5 29
8 43
7 42
9 46
9 16
2 31
7 41
8 23
8 17
9 34
2 25
6 28
9 25
5 21
4 48
1 39
4 11
6 41
1 34
3 34
4 13
9 28
2 13
4 22
4 48
4 45
8 32
1 15
2 33
1 42
5 21
8 30
4 20
3 47
8 38
3 12
1 37
1 29
5 35
6 33
6 30
7 39
9 13
5 45
2 49
5 19
9 19
2 33
2 13
8 36
4 13
7 41
8 19
3 20
1 37
4 17
6 49
5 31
5 43
7 44
5 44
5 34
4 43
5 15
5 46
9 10
5 21
4 44
8 15
6 26
6 18
1 11
2 27
6 45
4 37
1 46
6 35
1 13
2 49
3 45
5 40
3 39
1 43
4 28
3 27
1 39
8 30
6 12
1 15
3 47
8 22
3 12
3 37
4 31
4 49
3 49
4 21
5 32
2 40
3 27
2 16
5 17
7 28
9 38
3 29
4 39
1 31
1 19
7 35
1 42
7 37
4 19
4 38
9 27
9 10
9 32
3 26
4 46
3 40
1 34
9 13
9 18
4 37
9 39
3 33
9 42
5 29
4 18
1 17
5 33
4 23
7 27
